00000003
00000001
00000006
000b0007
00000001
00000003
00000001
00000003
00000002
00000002
00000004
00030008
00000001
00000001
00150007
00000002
00000002
00000003
00000001
00000001
00000004
000e0008
00000001
00000003
00000003
00000003
00000003
00000003
00000003
00000003
00000003
00000003
00000003
002f0007
00000002
00000003
00000003
00000003
00000003
00000003
00000003
00000003
00000003
00000003
00000003
00000001
00000004
00210008
00000002
00000003
00000003
00000002
00390007
00000004
00000001
00000004
00000002
00340008
00000003
00000001
00430007
00000002
00000004
00000001
00420007
00000004
00400008
003c0008
00000002
00000002
00000002
00530007
00000001
00000001
00000001
00000003
00000001
00000003
00000002
00000002
00000002
00000002
00000004
00470008
00000001
00000001
00000001
00000001
00630007
00000002
00000002
00000002
00000002
00000003
00000001
00000001
00000001
00000001
00000004
00580008
00000002
00000002
006f0007
00000001
00000001
00000001
00000003
00000002
00000002
00000002
00000004
00660008
00000001
00000001
00000001
00960007
00760007
00000004
00740008
00000002
00000002
00810007
00000001
00000001
00000003
00000002
00000003
00000002
00000004
00790008
00000001
00880007
00000002
00000003
00000001
00000004
00830008
00000001
00950007
00000002
00000002
00000002
00000003
00000001
00000001
00000001
00940007
00000004
00920008
008a0008
00730008
00000002
00000002
009b0007
00000004
00990008
00000002
00000002
00000002
00a10007
00000004
009f0008
00000001
00000001
00ab0007
00000002
00000002
00000003
00000001
00000001
00000004
00a40008
00000006
00000002
00b00007
00000004
00ae0008
00000001
00b70007
00000002
00000003
00000001
00000004
00b20008
00000002
00c10007
00000001
00000003
00000001
00000003
00000002
00000002
00000004
00b90008
00000001
00000001
00cb0007
00000002
00000002
00000003
00000001
00000001
00000004
00c40008
00000001
00000003
00000003
00000003
00000003
00000003
00000003
00000003
00000003
00000003
00000003
00e50007
00000002
00000003
00000003
00000003
00000003
00000003
00000003
00000003
00000003
00000003
00000003
00000001
00000004
00d70008
00000002
00000003
00000003
00000003
00000003
00000003
00000003
00000003
00000003
00000002
00f50007
00000004
00000001
00000004
00000002
00f00008
00000003
00000001
00ff0007
00000002
00000004
00000001
00fe0007
00000004
00fc0008
00f80008
00000002
00000002
00000002
010f0007
00000001
00000001
00000001
00000003
00000001
00000003
00000002
00000002
00000002
00000002
00000004
01030008
00000001
00000001
00000001
00000001
011f0007
00000002
00000002
00000002
00000002
00000003
00000001
00000001
00000001
00000001
00000004
01140008
00000002
00000002
012b0007
00000001
00000001
00000001
00000003
00000002
00000002
00000002
00000004
01220008
00000001
00000001
00000001
01520007
01320007
00000004
01300008
00000002
00000002
013d0007
00000001
00000001
00000003
00000002
00000003
00000002
00000004
01350008
00000001
01440007
00000002
00000003
00000001
00000004
013f0008
00000001
01510007
00000002
00000002
00000002
00000003
00000001
00000001
00000001
01500007
00000004
014e0008
01460008
012f0008
00000002
00000002
01570007
00000004
01550008
00000002
00000002
00000002
015d0007
00000004
015b0008
00000001
00000001
01670007
00000002
00000002
00000003
00000001
00000001
00000004
01600008
00000006
00000002
016c0007
00000004
016a0008
00000001
01730007
00000002
00000003
00000001
00000004
016e0008
00000002
017d0007
00000001
00000003
00000001
00000003
00000002
00000002
00000004
01750008
00000001
00000001
01870007
00000002
00000002
00000003
00000001
00000001
00000004
01800008
00000001
00000003
00000003
00000003
00000003
00000003
00000003
00000003
00000003
00000003
01a00007
00000002
00000003
00000003
00000003
00000003
00000003
00000003
00000003
00000003
00000003
00000003
00000001
00000004
01920008
00000002
00000003
00000003
00000003
00000003
00000003
00000003
00000003
00000002
01af0007
00000004
00000001
00000004
00000002
01aa0008
00000003
00000001
01b90007
00000002
00000004
00000001
01b80007
00000004
01b60008
01b20008
00000002
00000002
00000002
01c90007
00000001
00000001
00000001
00000003
00000001
00000003
00000002
00000002
00000002
00000002
00000004
01bd0008
00000001
00000001
00000001
00000001
01d90007
00000002
00000002
00000002
00000002
00000003
00000001
00000001
00000001
00000001
00000004
01ce0008
00000002
00000002
01e50007
00000001
00000001
00000001
00000003
00000002
00000002
00000002
00000004
01dc0008
00000001
00000001
00000001
020c0007
01ec0007
00000004
01ea0008
00000002
00000002
01f70007
00000001
00000001
00000003
00000002
00000003
00000002
00000004
01ef0008
00000001
01fe0007
00000002
00000003
00000001
00000004
01f90008
00000001
020b0007
00000002
00000002
00000002
00000003
00000001
00000001
00000001
020a0007
00000004
02080008
02000008
01e90008
00000002
00000002
02110007
00000004
020f0008
00000002
00000002
00000002
02170007
00000004
02150008
00000001
00000001
02210007
00000002
00000002
00000003
00000001
00000001
00000004
021a0008
00000006
00000002
02260007
00000004
02240008
00000001
022d0007
00000002
00000003
00000001
00000004
02280008
00000002
02370007
00000001
00000003
00000001
00000003
00000002
00000002
00000004
022f0008
00000001
00000001
02410007
00000002
00000002
00000003
00000001
00000001
00000004
023a0008
00000001
00000003
00000003
00000003
00000003
00000003
00000003
00000003
00000003
00000003
00000003
025b0007
00000002
00000003
00000003
00000003
00000003
00000003
00000003
00000003
00000003
00000003
00000003
00000001
00000004
024d0008
00000002
00000003
00000003
00000003
00000002
02660007
00000004
00000001
00000004
00000002
02610008
00000003
00000001
02700007
00000002
00000004
00000001
026f0007
00000004
026d0008
02690008
00000002
00000002
00000002
02800007
00000001
00000001
00000001
00000003
00000001
00000003
00000002
00000002
00000002
00000002
00000004
02740008
00000001
00000001
00000001
00000001
02900007
00000002
00000002
00000002
00000002
00000003
00000001
00000001
00000001
00000001
00000004
02850008
00000002
00000002
029c0007
00000001
00000001
00000001
00000003
00000002
00000002
00000002
00000004
02930008
00000001
00000001
00000001
02c30007
02a30007
00000004
02a10008
00000002
00000002
02ae0007
00000001
00000001
00000003
00000002
00000003
00000002
00000004
02a60008
00000001
02b50007
00000002
00000003
00000001
00000004
02b00008
00000001
02c20007
00000002
00000002
00000002
00000003
00000001
00000001
00000001
02c10007
00000004
02bf0008
02b70008
02a00008
00000002
00000002
02c80007
00000004
02c60008
00000002
00000002
00000002
02ce0007
00000004
02cc0008
00000001
00000001
02d80007
00000002
00000002
00000003
00000001
00000001
00000004
02d10008
00000006
00000002
02dd0007
00000004
02db0008
00000001
02e40007
00000002
00000003
00000001
00000004
02df0008
00000002
02ee0007
00000001
00000003
00000001
00000003
00000002
00000002
00000004
02e60008
00000001
00000001
02f80007
00000002
00000002
00000003
00000001
00000001
00000004
02f10008
00000001
00000003
00000003
00000003
00000003
00000003
00000003
00000003
00000003
00000003
00000003
00000003
00000003
03140007
00000002
00000003
00000003
00000003
00000003
00000003
00000003
00000003
00000003
00000003
00000003
00000001
00000004
03060008
00000002
00000003
00000003
00000003
00000002
031f0007
00000004
00000001
00000004
00000002
031a0008
00000003
00000001
03290007
00000002
00000004
00000001
03280007
00000004
03260008
03220008
00000002
00000002
00000002
03390007
00000001
00000001
00000001
00000003
00000001
00000003
00000002
00000002
00000002
00000002
00000004
032d0008
00000001
00000001
00000001
00000001
03490007
00000002
00000002
00000002
00000002
00000003
00000001
00000001
00000001
00000001
00000004
033e0008
00000002
00000002
03550007
00000001
00000001
00000001
00000003
00000002
00000002
00000002
00000004
034c0008
00000001
00000001
00000001
037c0007
035c0007
00000004
035a0008
00000002
00000002
03670007
00000001
00000001
00000003
00000002
00000003
00000002
00000004
035f0008
00000001
036e0007
00000002
00000003
00000001
00000004
03690008
00000001
037b0007
00000002
00000002
00000002
00000003
00000001
00000001
00000001
037a0007
00000004
03780008
03700008
03590008
00000002
00000002
03810007
00000004
037f0008
00000002
00000002
00000002
03870007
00000004
03850008
00000001
00000001
03910007
00000002
00000002
00000003
00000001
00000001
00000004
038a0008
00000006
00000002
03960007
00000004
03940008
00000001
039d0007
00000002
00000003
00000001
00000004
03980008
00000002
03a70007
00000001
00000003
00000001
00000003
00000002
00000002
00000004
039f0008
00000001
00000001
03b10007
00000002
00000002
00000003
00000001
00000001
00000004
03aa0008
00000001
00000003
00000003
00000003
00000003
00000003
00000003
00000003
00000003
00000003
00000003
00000003
03cc0007
00000002
00000003
00000003
00000003
00000003
00000003
00000003
00000003
00000003
00000003
00000003
00000001
00000004
03be0008
00000002
00000003
00000003
00000003
00000003
00000003
00000003
00000003
00000003
00000003
00000002
03dd0007
00000004
00000001
00000004
00000002
03d80008
00000003
00000001
03e70007
00000002
00000004
00000001
03e60007
00000004
03e40008
03e00008
00000002
00000002
00000002
03f70007
00000001
00000001
00000001
00000003
00000001
00000003
00000002
00000002
00000002
00000002
00000004
03eb0008
00000001
00000001
00000001
00000001
04070007
00000002
00000002
00000002
00000002
00000003
00000001
00000001
00000001
00000001
00000004
03fc0008
00000002
00000002
04130007
00000001
00000001
00000001
00000003
00000002
00000002
00000002
00000004
040a0008
00000001
00000001
00000001
043a0007
041a0007
00000004
04180008
00000002
00000002
04250007
00000001
00000001
00000003
00000002
00000003
00000002
00000004
041d0008
00000001
042c0007
00000002
00000003
00000001
00000004
04270008
00000001
04390007
00000002
00000002
00000002
00000003
00000001
00000001
00000001
04380007
00000004
04360008
042e0008
04170008
00000002
00000002
043f0007
00000004
043d0008
00000002
00000002
00000002
04450007
00000004
04430008
00000001
00000001
044f0007
00000002
00000002
00000003
00000001
00000001
00000004
04480008
00000006
00000002
04540007
00000004
04520008
00000001
045b0007
00000002
00000003
00000001
00000004
04560008
00000002
04650007
00000001
00000003
00000001
00000003
00000002
00000002
00000004
045d0008
00000001
00000001
046f0007
00000002
00000002
00000003
00000001
00000001
00000004
04680008
00000001
00000003
00000003
00000003
00000003
00000003
00000003
00000003
00000003
00000003
00000003
00000003
048a0007
00000002
00000003
00000003
00000003
00000003
00000003
00000003
00000003
00000003
00000003
00000003
00000001
00000004
047c0008
00000002
00000003
00000002
04930007
00000004
00000001
00000004
00000002
048e0008
00000003
00000001
049d0007
00000002
00000004
00000001
049c0007
00000004
049a0008
04960008
00000002
00000002
00000002
04ad0007
00000001
00000001
00000001
00000003
00000001
00000003
00000002
00000002
00000002
00000002
00000004
04a10008
00000001
00000001
00000001
00000001
04bd0007
00000002
00000002
00000002
00000002
00000003
00000001
00000001
00000001
00000001
00000004
04b20008
00000002
00000002
04c90007
00000001
00000001
00000001
00000003
00000002
00000002
00000002
00000004
04c00008
00000001
00000001
00000001
04f00007
04d00007
00000004
04ce0008
00000002
00000002
04db0007
00000001
00000001
00000003
00000002
00000003
00000002
00000004
04d30008
00000001
04e20007
00000002
00000003
00000001
00000004
04dd0008
00000001
04ef0007
00000002
00000002
00000002
00000003
00000001
00000001
00000001
04ee0007
00000004
04ec0008
04e40008
04cd0008
00000002
00000002
04f50007
00000004
04f30008
00000002
00000002
00000002
04fb0007
00000004
04f90008
00000001
00000001
05050007
00000002
00000002
00000003
00000001
00000001
00000004
04fe0008
00000006
00000002
050a0007
00000004
05080008
00000001
05110007
00000002
00000003
00000001
00000004
050c0008
00000002
051b0007
00000001
00000003
00000001
00000003
00000002
00000002
00000004
05130008
00000001
00000001
05250007
00000002
00000002
00000003
00000001
00000001
00000004
051e0008
00000001
00000003
00000003
00000003
00000003
00000003
00000003
00000003
00000003
00000003
00000003
00000003
05400007
00000002
00000003
00000003
00000003
00000003
00000003
00000003
00000003
00000003
00000003
00000003
00000001
00000004
05320008
00000002
00000003
00000003
00000003
00000003
00000003
00000003
00000003
00000003
00000003
00000002
05510007
00000004
00000001
00000004
00000002
054c0008
00000003
00000001
055b0007
00000002
00000004
00000001
055a0007
00000004
05580008
05540008
00000002
00000002
00000002
056b0007
00000001
00000001
00000001
00000003
00000001
00000003
00000002
00000002
00000002
00000002
00000004
055f0008
00000001
00000001
00000001
00000001
057b0007
00000002
00000002
00000002
00000002
00000003
00000001
00000001
00000001
00000001
00000004
05700008
00000002
00000002
05870007
00000001
00000001
00000001
00000003
00000002
00000002
00000002
00000004
057e0008
00000001
00000001
00000001
05ae0007
058e0007
00000004
058c0008
00000002
00000002
05990007
00000001
00000001
00000003
00000002
00000003
00000002
00000004
05910008
00000001
05a00007
00000002
00000003
00000001
00000004
059b0008
00000001
05ad0007
00000002
00000002
00000002
00000003
00000001
00000001
00000001
05ac0007
00000004
05aa0008
05a20008
058b0008
00000002
00000002
05b30007
00000004
05b10008
00000002
00000002
00000002
05b90007
00000004
05b70008
00000001
00000001
05c30007
00000002
00000002
00000003
00000001
00000001
00000004
05bc0008
00000006
00000002
05c80007
00000004
05c60008
00000001
05cf0007
00000002
00000003
00000001
00000004
05ca0008
00000002
05d90007
00000001
00000003
00000001
00000003
00000002
00000002
00000004
05d10008
00000001
00000001
05e30007
00000002
00000002
00000003
00000001
00000001
00000004
05dc0008
00000001
00000003
00000003
00000003
00000003
05f70007
00000002
00000003
00000003
00000003
00000003
00000003
00000003
00000003
00000003
00000003
00000003
00000001
00000004
05e90008
00000002
00000003
00000003
00000003
00000003
00000003
00000003
00000003
00000003
00000002
06070007
00000004
00000001
00000004
00000002
06020008
00000003
00000001
06110007
00000002
00000004
00000001
06100007
00000004
060e0008
060a0008
00000002
00000002
00000002
06210007
00000001
00000001
00000001
00000003
00000001
00000003
00000002
00000002
00000002
00000002
00000004
06150008
00000001
00000001
00000001
00000001
06310007
00000002
00000002
00000002
00000002
00000003
00000001
00000001
00000001
00000001
00000004
06260008
00000002
00000002
063d0007
00000001
00000001
00000001
00000003
00000002
00000002
00000002
00000004
06340008
00000001
00000001
00000001
06640007
06440007
00000004
06420008
00000002
00000002
064f0007
00000001
00000001
00000003
00000002
00000003
00000002
00000004
06470008
00000001
06560007
00000002
00000003
00000001
00000004
06510008
00000001
06630007
00000002
00000002
00000002
00000003
00000001
00000001
00000001
06620007
00000004
06600008
06580008
06410008
00000002
00000002
06690007
00000004
06670008
00000002
00000002
00000002
066f0007
00000004
066d0008
00000001
00000001
06790007
00000002
00000002
00000003
00000001
00000001
00000004
06720008
00000006
00000002
067e0007
00000004
067c0008
00000001
06850007
00000002
00000003
00000001
00000004
06800008
00000002
068f0007
00000001
00000003
00000001
00000003
00000002
00000002
00000004
06870008
00000001
00000001
06990007
00000002
00000002
00000003
00000001
00000001
00000004
06920008
00000001
00000003
00000003
00000003
00000003
00000003
00000003
00000003
00000003
00000003
00000003
00000003
06b40007
00000002
00000003
00000003
00000003
00000003
00000003
00000003
00000003
00000003
00000003
00000003
00000001
00000004
06a60008
00000002
00000003
00000002
06bd0007
00000004
00000001
00000004
00000002
06b80008
00000003
00000001
06c70007
00000002
00000004
00000001
06c60007
00000004
06c40008
06c00008
00000002
00000002
00000002
06d70007
00000001
00000001
00000001
00000003
00000001
00000003
00000002
00000002
00000002
00000002
00000004
06cb0008
00000001
00000001
00000001
00000001
06e70007
00000002
00000002
00000002
00000002
00000003
00000001
00000001
00000001
00000001
00000004
06dc0008
00000002
00000002
06f30007
00000001
00000001
00000001
00000003
00000002
00000002
00000002
00000004
06ea0008
00000001
00000001
00000001
071a0007
06fa0007
00000004
06f80008
00000002
00000002
07050007
00000001
00000001
00000003
00000002
00000003
00000002
00000004
06fd0008
00000001
070c0007
00000002
00000003
00000001
00000004
07070008
00000001
07190007
00000002
00000002
00000002
00000003
00000001
00000001
00000001
07180007
00000004
07160008
070e0008
06f70008
00000002
00000002
071f0007
00000004
071d0008
00000002
00000002
00000002
07250007
00000004
07230008
00000001
00000001
072f0007
00000002
00000002
00000003
00000001
00000001
00000004
07280008
00000006
00000002
07340007
00000004
07320008
00000001
073b0007
00000002
00000003
00000001
00000004
07360008
00000002
07450007
00000001
00000003
00000001
00000003
00000002
00000002
00000004
073d0008
00000001
00000001
074f0007
00000002
00000002
00000003
00000001
00000001
00000004
07480008
00000001
00000003
00000003
00000003
00000003
00000003
00000003
00000003
00000003
07670007
00000002
00000003
00000003
00000003
00000003
00000003
00000003
00000003
00000003
00000003
00000003
00000001
00000004
07590008
00000002
00000003
00000003
00000003
00000003
00000003
00000003
00000003
00000002
07760007
00000004
00000001
00000004
00000002
07710008
00000003
00000001
07800007
00000002
00000004
00000001
077f0007
00000004
077d0008
07790008
00000002
00000002
00000002
07900007
00000001
00000001
00000001
00000003
00000001
00000003
00000002
00000002
00000002
00000002
00000004
07840008
00000001
00000001
00000001
00000001
07a00007
00000002
00000002
00000002
00000002
00000003
00000001
00000001
00000001
00000001
00000004
07950008
00000002
00000002
07ac0007
00000001
00000001
00000001
00000003
00000002
00000002
00000002
00000004
07a30008
00000001
00000001
00000001
07d30007
07b30007
00000004
07b10008
00000002
00000002
07be0007
00000001
00000001
00000003
00000002
00000003
00000002
00000004
07b60008
00000001
07c50007
00000002
00000003
00000001
00000004
07c00008
00000001
07d20007
00000002
00000002
00000002
00000003
00000001
00000001
00000001
07d10007
00000004
07cf0008
07c70008
07b00008
00000002
00000002
07d80007
00000004
07d60008
00000002
00000002
00000002
07de0007
00000004
07dc0008
00000001
00000001
07e80007
00000002
00000002
00000003
00000001
00000001
00000004
07e10008
00000006
00000002
07ed0007
00000004
07eb0008
00000001
07f40007
00000002
00000003
00000001
00000004
07ef0008
00000002
07fe0007
00000001
00000003
00000001
00000003
00000002
00000002
00000004
07f60008
00000001
00000001
08080007
00000002
00000002
00000003
00000001
00000001
00000004
08010008
00000001
00000003
00000003
00000003
00000003
00000003
00000003
00000003
00000003
00000003
08210007
00000002
00000003
00000003
00000003
00000003
00000003
00000003
00000003
00000003
00000003
00000003
00000001
00000004
08130008
00000002
00000003
00000003
00000003
00000003
00000003
00000002
082e0007
00000004
00000001
00000004
00000002
08290008
00000003
00000001
08380007
00000002
00000004
00000001
08370007
00000004
08350008
08310008
00000002
00000002
00000002
08480007
00000001
00000001
00000001
00000003
00000001
00000003
00000002
00000002
00000002
00000002
00000004
083c0008
00000001
00000001
00000001
00000001
08580007
00000002
00000002
00000002
00000002
00000003
00000001
00000001
00000001
00000001
00000004
084d0008
00000002
00000002
08640007
00000001
00000001
00000001
00000003
00000002
00000002
00000002
00000004
085b0008
00000001
00000001
00000001
088b0007
086b0007
00000004
08690008
00000002
00000002
08760007
00000001
00000001
00000003
00000002
00000003
00000002
00000004
086e0008
00000001
087d0007
00000002
00000003
00000001
00000004
08780008
00000001
088a0007
00000002
00000002
00000002
00000003
00000001
00000001
00000001
08890007
00000004
08870008
087f0008
08680008
00000002
00000002
08900007
00000004
088e0008
00000002
00000002
00000002
08960007
00000004
08940008
00000001
00000001
08a00007
00000002
00000002
00000003
00000001
00000001
00000004
08990008
00000006
00000002
08a50007
00000004
08a30008
00000001
08ac0007
00000002
00000003
00000001
00000004
08a70008
00000002
08b60007
00000001
00000003
00000001
00000003
00000002
00000002
00000004
08ae0008
00000001
00000001
08c00007
00000002
00000002
00000003
00000001
00000001
00000004
08b90008
00000001
00000003
00000003
00000003
00000003
00000003
00000003
00000003
00000003
08d80007
00000002
00000003
00000003
00000003
00000003
00000003
00000003
00000003
00000003
00000003
00000003
00000001
00000004
08ca0008
00000002
00000003
00000003
00000003
00000003
00000003
00000003
00000003
00000003
00000003
00000002
08e90007
00000004
00000001
00000004
00000002
08e40008
00000003
00000001
08f30007
00000002
00000004
00000001
08f20007
00000004
08f00008
08ec0008
00000002
00000002
00000002
09030007
00000001
00000001
00000001
00000003
00000001
00000003
00000002
00000002
00000002
00000002
00000004
08f70008
00000001
00000001
00000001
00000001
09130007
00000002
00000002
00000002
00000002
00000003
00000001
00000001
00000001
00000001
00000004
09080008
00000002
00000002
091f0007
00000001
00000001
00000001
00000003
00000002
00000002
00000002
00000004
09160008
00000001
00000001
00000001
09460007
09260007
00000004
09240008
00000002
00000002
09310007
00000001
00000001
00000003
00000002
00000003
00000002
00000004
09290008
00000001
09380007
00000002
00000003
00000001
00000004
09330008
00000001
09450007
00000002
00000002
00000002
00000003
00000001
00000001
00000001
09440007
00000004
09420008
093a0008
09230008
00000002
00000002
094b0007
00000004
09490008
00000002
00000002
00000002
09510007
00000004
094f0008
00000001
00000001
095b0007
00000002
00000002
00000003
00000001
00000001
00000004
09540008
00000006
00000002
09600007
00000004
095e0008
00000001
09670007
00000002
00000003
00000001
00000004
09620008
00000002
09710007
00000001
00000003
00000001
00000003
00000002
00000002
00000004
09690008
00000001
00000001
097b0007
00000002
00000002
00000003
00000001
00000001
00000004
09740008
00000001
00000003
00000003
00000003
00000003
098f0007
00000002
00000003
00000003
00000003
00000003
00000003
00000003
00000003
00000003
00000003
00000003
00000001
00000004
09810008
00000002
00000003
00000003
00000003
00000003
00000003
00000003
00000003
00000003
00000002
099f0007
00000004
00000001
00000004
00000002
099a0008
00000003
00000001
09a90007
00000002
00000004
00000001
09a80007
00000004
09a60008
09a20008
00000002
00000002
00000002
09b90007
00000001
00000001
00000001
00000003
00000001
00000003
00000002
00000002
00000002
00000002
00000004
09ad0008
00000001
00000001
00000001
00000001
09c90007
00000002
00000002
00000002
00000002
00000003
00000001
00000001
00000001
00000001
00000004
09be0008
00000002
00000002
09d50007
00000001
00000001
00000001
00000003
00000002
00000002
00000002
00000004
09cc0008
00000001
00000001
00000001
09fc0007
09dc0007
00000004
09da0008
00000002
00000002
09e70007
00000001
00000001
00000003
00000002
00000003
00000002
00000004
09df0008
00000001
09ee0007
00000002
00000003
00000001
00000004
09e90008
00000001
09fb0007
00000002
00000002
00000002
00000003
00000001
00000001
00000001
09fa0007
00000004
09f80008
09f00008
09d90008
00000002
00000002
0a010007
00000004
09ff0008
00000002
00000002
00000002
0a070007
00000004
0a050008
00000001
00000001
0a110007
00000002
00000002
00000003
00000001
00000001
00000004
0a0a0008
00000006
00000002
0a160007
00000004
0a140008
00000001
0a1d0007
00000002
00000003
00000001
00000004
0a180008
00000002
0a270007
00000001
00000003
00000001
00000003
00000002
00000002
00000004
0a1f0008
00000001
00000001
0a310007
00000002
00000002
00000003
00000001
00000001
00000004
0a2a0008
00000001
00000003
00000003
00000003
00000003
00000003
00000003
00000003
00000003
0a490007
00000002
00000003
00000003
00000003
00000003
00000003
00000003
00000003
00000003
00000003
00000003
00000001
00000004
0a3b0008
00000002
00000003
00000003
00000003
00000003
00000003
00000002
0a560007
00000004
00000001
00000004
00000002
0a510008
00000003
00000001
0a600007
00000002
00000004
00000001
0a5f0007
00000004
0a5d0008
0a590008
00000002
00000002
00000002
0a700007
00000001
00000001
00000001
00000003
00000001
00000003
00000002
00000002
00000002
00000002
00000004
0a640008
00000001
00000001
00000001
00000001
0a800007
00000002
00000002
00000002
00000002
00000003
00000001
00000001
00000001
00000001
00000004
0a750008
00000002
00000002
0a8c0007
00000001
00000001
00000001
00000003
00000002
00000002
00000002
00000004
0a830008
00000001
00000001
00000001
0ab30007
0a930007
00000004
0a910008
00000002
00000002
0a9e0007
00000001
00000001
00000003
00000002
00000003
00000002
00000004
0a960008
00000001
0aa50007
00000002
00000003
00000001
00000004
0aa00008
00000001
0ab20007
00000002
00000002
00000002
00000003
00000001
00000001
00000001
0ab10007
00000004
0aaf0008
0aa70008
0a900008
00000002
00000002
0ab80007
00000004
0ab60008
00000002
00000002
00000002
0abe0007
00000004
0abc0008
00000001
00000001
0ac80007
00000002
00000002
00000003
00000001
00000001
00000004
0ac10008
00000006
00000002
0acd0007
00000004
0acb0008
00000001
0ad40007
00000002
00000003
00000001
00000004
0acf0008
00000002
0ade0007
00000001
00000003
00000001
00000003
00000002
00000002
00000004
0ad60008
00000001
00000001
0ae80007
00000002
00000002
00000003
00000001
00000001
00000004
0ae10008
00000001
00000003
00000003
00000003
00000003
00000003
00000003
00000003
00000003
00000003
0b010007
00000002
00000003
00000003
00000003
00000003
00000003
00000003
00000003
00000003
00000003
00000003
00000001
00000004
0af30008
00000002
00000003
00000003
00000003
00000003
00000003
00000002
0b0e0007
00000004
00000001
00000004
00000002
0b090008
00000003
00000001
0b180007
00000002
00000004
00000001
0b170007
00000004
0b150008
0b110008
00000002
00000002
00000002
0b280007
00000001
00000001
00000001
00000003
00000001
00000003
00000002
00000002
00000002
00000002
00000004
0b1c0008
00000001
00000001
00000001
00000001
0b380007
00000002
00000002
00000002
00000002
00000003
00000001
00000001
00000001
00000001
00000004
0b2d0008
00000002
00000002
0b440007
00000001
00000001
00000001
00000003
00000002
00000002
00000002
00000004
0b3b0008
00000001
00000001
00000001
0b6b0007
0b4b0007
00000004
0b490008
00000002
00000002
0b560007
00000001
00000001
00000003
00000002
00000003
00000002
00000004
0b4e0008
00000001
0b5d0007
00000002
00000003
00000001
00000004
0b580008
00000001
0b6a0007
00000002
00000002
00000002
00000003
00000001
00000001
00000001
0b690007
00000004
0b670008
0b5f0008
0b480008
00000002
00000002
0b700007
00000004
0b6e0008
00000002
00000002
00000002
0b760007
00000004
0b740008
00000001
00000001
0b800007
00000002
00000002
00000003
00000001
00000001
00000004
0b790008
00000006
00000002
0b850007
00000004
0b830008
00000001
0b8c0007
00000002
00000003
00000001
00000004
0b870008
00000002
0b960007
00000001
00000003
00000001
00000003
00000002
00000002
00000004
0b8e0008
00000001
00000001
0ba00007
00000002
00000002
00000003
00000001
00000001
00000004
0b990008
00000001
00000003
00000003
00000003
00000003
00000003
00000003
00000003
00000003
00000003
0bb90007
00000002
00000003
00000003
00000003
00000003
00000003
00000003
00000003
00000003
00000003
00000003
00000001
00000004
0bab0008
00000002
00000003
00000003
00000003
00000003
00000003
00000003
00000003
00000003
00000002
0bc90007
00000004
00000001
00000004
00000002
0bc40008
00000003
00000001
0bd30007
00000002
00000004
00000001
0bd20007
00000004
0bd00008
0bcc0008
00000002
00000002
00000002
0be30007
00000001
00000001
00000001
00000003
00000001
00000003
00000002
00000002
00000002
00000002
00000004
0bd70008
00000001
00000001
00000001
00000001
0bf30007
00000002
00000002
00000002
00000002
00000003
00000001
00000001
00000001
00000001
00000004
0be80008
00000002
00000002
0bff0007
00000001
00000001
00000001
00000003
00000002
00000002
00000002
00000004
0bf60008
00000001
00000001
00000001
0c260007
0c060007
00000004
0c040008
00000002
00000002
0c110007
00000001
00000001
00000003
00000002
00000003
00000002
00000004
0c090008
00000001
0c180007
00000002
00000003
00000001
00000004
0c130008
00000001
0c250007
00000002
00000002
00000002
00000003
00000001
00000001
00000001
0c240007
00000004
0c220008
0c1a0008
0c030008
00000002
00000002
0c2b0007
00000004
0c290008
00000002
00000002
00000002
0c310007
00000004
0c2f0008
00000001
00000001
0c3b0007
00000002
00000002
00000003
00000001
00000001
00000004
0c340008
00000006
00000002
0c400007
00000004
0c3e0008
00000001
0c470007
00000002
00000003
00000001
00000004
0c420008
00000002
0c510007
00000001
00000003
00000001
00000003
00000002
00000002
00000004
0c490008
00000001
00000001
0c5b0007
00000002
00000002
00000003
00000001
00000001
00000004
0c540008
00000001
00000003
00000003
00000003
00000003
00000003
00000003
00000003
00000003
00000003
00000003
00000003
0c760007
00000002
00000003
00000003
00000003
00000003
00000003
00000003
00000003
00000003
00000003
00000003
00000001
00000004
0c680008
00000002
00000003
00000003
00000003
00000003
00000002
0c820007
00000004
00000001
00000004
00000002
0c7d0008
00000003
00000001
0c8c0007
00000002
00000004
00000001
0c8b0007
00000004
0c890008
0c850008
00000002
00000002
00000002
0c9c0007
00000001
00000001
00000001
00000003
00000001
00000003
00000002
00000002
00000002
00000002
00000004
0c900008
00000001
00000001
00000001
00000001
0cac0007
00000002
00000002
00000002
00000002
00000003
00000001
00000001
00000001
00000001
00000004
0ca10008
00000002
00000002
0cb80007
00000001
00000001
00000001
00000003
00000002
00000002
00000002
00000004
0caf0008
00000001
00000001
00000001
0cdf0007
0cbf0007
00000004
0cbd0008
00000002
00000002
0cca0007
00000001
00000001
00000003
00000002
00000003
00000002
00000004
0cc20008
00000001
0cd10007
00000002
00000003
00000001
00000004
0ccc0008
00000001
0cde0007
00000002
00000002
00000002
00000003
00000001
00000001
00000001
0cdd0007
00000004
0cdb0008
0cd30008
0cbc0008
00000002
00000002
0ce40007
00000004
0ce20008
00000002
00000002
00000002
0cea0007
00000004
0ce80008
00000001
00000001
0cf40007
00000002
00000002
00000003
00000001
00000001
00000004
0ced0008
00000006
00000002
0cf90007
00000004
0cf70008
00000001
0d000007
00000002
00000003
00000001
00000004
0cfb0008
00000002
0d0a0007
00000001
00000003
00000001
00000003
00000002
00000002
00000004
0d020008
00000001
00000001
0d140007
00000002
00000002
00000003
00000001
00000001
00000004
0d0d0008
00000001
00000003
00000003
00000003
00000003
00000003
00000003
0d2a0007
00000002
00000003
00000003
00000003
00000003
00000003
00000003
00000003
00000003
00000003
00000003
00000001
00000004
0d1c0008
00000002
00000003
00000003
00000003
00000003
00000003
00000003
00000003
00000003
00000003
00000002
0d3b0007
00000004
00000001
00000004
00000002
0d360008
00000003
00000001
0d450007
00000002
00000004
00000001
0d440007
00000004
0d420008
0d3e0008
00000002
00000002
00000002
0d550007
00000001
00000001
00000001
00000003
00000001
00000003
00000002
00000002
00000002
00000002
00000004
0d490008
00000001
00000001
00000001
00000001
0d650007
00000002
00000002
00000002
00000002
00000003
00000001
00000001
00000001
00000001
00000004
0d5a0008
00000002
00000002
0d710007
00000001
00000001
00000001
00000003
00000002
00000002
00000002
00000004
0d680008
00000001
00000001
00000001
0d980007
0d780007
00000004
0d760008
00000002
00000002
0d830007
00000001
00000001
00000003
00000002
00000003
00000002
00000004
0d7b0008
00000001
0d8a0007
00000002
00000003
00000001
00000004
0d850008
00000001
0d970007
00000002
00000002
00000002
00000003
00000001
00000001
00000001
0d960007
00000004
0d940008
0d8c0008
0d750008
00000002
00000002
0d9d0007
00000004
0d9b0008
00000002
00000002
00000002
0da30007
00000004
0da10008
00000001
00000001
0dad0007
00000002
00000002
00000003
00000001
00000001
00000004
0da60008
00000006
00000002
0db20007
00000004
0db00008
00000001
0db90007
00000002
00000003
00000001
00000004
0db40008
00000002
0dc30007
00000001
00000003
00000001
00000003
00000002
00000002
00000004
0dbb0008
00000001
00000001
0dcd0007
00000002
00000002
00000003
00000001
00000001
00000004
0dc60008
00000001
00000003
00000003
00000003
00000003
00000003
00000003
00000003
00000003
00000003
0de60007
00000002
00000003
00000003
00000003
00000003
00000003
00000003
00000003
00000003
00000003
00000003
00000001
00000004
0dd80008
00000002
00000003
00000003
00000003
00000003
00000003
00000003
00000003
00000002
0df50007
00000004
00000001
00000004
00000002
0df00008
00000003
00000001
0dff0007
00000002
00000004
00000001
0dfe0007
00000004
0dfc0008
0df80008
00000002
00000002
00000002
0e0f0007
00000001
00000001
00000001
00000003
00000001
00000003
00000002
00000002
00000002
00000002
00000004
0e030008
00000001
00000001
00000001
00000001
0e1f0007
00000002
00000002
00000002
00000002
00000003
00000001
00000001
00000001
00000001
00000004
0e140008
00000002
00000002
0e2b0007
00000001
00000001
00000001
00000003
00000002
00000002
00000002
00000004
0e220008
00000001
00000001
00000001
0e520007
0e320007
00000004
0e300008
00000002
00000002
0e3d0007
00000001
00000001
00000003
00000002
00000003
00000002
00000004
0e350008
00000001
0e440007
00000002
00000003
00000001
00000004
0e3f0008
00000001
0e510007
00000002
00000002
00000002
00000003
00000001
00000001
00000001
0e500007
00000004
0e4e0008
0e460008
0e2f0008
00000002
00000002
0e570007
00000004
0e550008
00000002
00000002
00000002
0e5d0007
00000004
0e5b0008
00000001
00000001
0e670007
00000002
00000002
00000003
00000001
00000001
00000004
0e600008
00000006
00000002
0e6c0007
00000004
0e6a0008
00000001
0e730007
00000002
00000003
00000001
00000004
0e6e0008
00000002
0e7d0007
00000001
00000003
00000001
00000003
00000002
00000002
00000004
0e750008
00000001
00000001
0e870007
00000002
00000002
00000003
00000001
00000001
00000004
0e800008
00000001
00000003
00000003
00000003
00000003
00000003
00000003
00000003
00000003
00000003
00000003
0ea10007
00000002
00000003
00000003
00000003
00000003
00000003
00000003
00000003
00000003
00000003
00000003
00000001
00000004
0e930008
00000002
00000003
00000003
00000003
00000003
00000003
00000003
00000003
00000002
0eb00007
00000004
00000001
00000004
00000002
0eab0008
00000003
00000001
0eba0007
00000002
00000004
00000001
0eb90007
00000004
0eb70008
0eb30008
00000002
00000002
00000002
0eca0007
00000001
00000001
00000001
00000003
00000001
00000003
00000002
00000002
00000002
00000002
00000004
0ebe0008
00000001
00000001
00000001
00000001
0eda0007
00000002
00000002
00000002
00000002
00000003
00000001
00000001
00000001
00000001
00000004
0ecf0008
00000002
00000002
0ee60007
00000001
00000001
00000001
00000003
00000002
00000002
00000002
00000004
0edd0008
00000001
00000001
00000001
0f0d0007
0eed0007
00000004
0eeb0008
00000002
00000002
0ef80007
00000001
00000001
00000003
00000002
00000003
00000002
00000004
0ef00008
00000001
0eff0007
00000002
00000003
00000001
00000004
0efa0008
00000001
0f0c0007
00000002
00000002
00000002
00000003
00000001
00000001
00000001
0f0b0007
00000004
0f090008
0f010008
0eea0008
00000002
00000002
0f120007
00000004
0f100008
00000002
00000002
00000002
0f180007
00000004
0f160008
00000001
00000001
0f220007
00000002
00000002
00000003
00000001
00000001
00000004
0f1b0008
00000006
00000002
0f270007
00000004
0f250008
00000001
0f2e0007
00000002
00000003
00000001
00000004
0f290008
00000002
0f380007
00000001
00000003
00000001
00000003
00000002
00000002
00000004
0f300008
00000001
00000001
0f420007
00000002
00000002
00000003
00000001
00000001
00000004
0f3b0008
00000001
00000003
00000003
00000003
00000003
00000003
00000003
00000003
00000003
00000003
0f5b0007
00000002
00000003
00000003
00000003
00000003
00000003
00000003
00000003
00000003
00000003
00000003
00000001
00000004
0f4d0008
00000002
00000003
00000003
00000003
00000003
00000003
00000002
0f680007
00000004
00000001
00000004
00000002
0f630008
00000003
00000001
0f720007
00000002
00000004
00000001
0f710007
00000004
0f6f0008
0f6b0008
00000002
00000002
00000002
0f820007
00000001
00000001
00000001
00000003
00000001
00000003
00000002
00000002
00000002
00000002
00000004
0f760008
00000001
00000001
00000001
00000001
0f920007
00000002
00000002
00000002
00000002
00000003
00000001
00000001
00000001
00000001
00000004
0f870008
00000002
00000002
0f9e0007
00000001
00000001
00000001
00000003
00000002
00000002
00000002
00000004
0f950008
00000001
00000001
00000001
0fc50007
0fa50007
00000004
0fa30008
00000002
00000002
0fb00007
00000001
00000001
00000003
00000002
00000003
00000002
00000004
0fa80008
00000001
0fb70007
00000002
00000003
00000001
00000004
0fb20008
00000001
0fc40007
00000002
00000002
00000002
00000003
00000001
00000001
00000001
0fc30007
00000004
0fc10008
0fb90008
0fa20008
00000002
00000002
0fca0007
00000004
0fc80008
00000002
00000002
00000002
0fd00007
00000004
0fce0008
00000001
00000001
0fda0007
00000002
00000002
00000003
00000001
00000001
00000004
0fd30008
00000006
00000002
0fdf0007
00000004
0fdd0008
00000001
0fe60007
00000002
00000003
00000001
00000004
0fe10008
00000002
0ff00007
00000001
00000003
00000001
00000003
00000002
00000002
00000004
0fe80008
00000001
00000001
0ffa0007
00000002
00000002
00000003
00000001
00000001
00000004
0ff30008
00000001
00000003
00000003
00000003
00000003
00000003
00000003
00000003
00000003
10120007
00000002
00000003
00000003
00000003
00000003
00000003
00000003
00000003
00000003
00000003
00000003
00000001
00000004
10040008
00000002
00000003
00000003
00000003
00000003
00000002
101e0007
00000004
00000001
00000004
00000002
10190008
00000003
00000001
10280007
00000002
00000004
00000001
10270007
00000004
10250008
10210008
00000002
00000002
00000002
10380007
00000001
00000001
00000001
00000003
00000001
00000003
00000002
00000002
00000002
00000002
00000004
102c0008
00000001
00000001
00000001
00000001
10480007
00000002
00000002
00000002
00000002
00000003
00000001
00000001
00000001
00000001
00000004
103d0008
00000002
00000002
10540007
00000001
00000001
00000001
00000003
00000002
00000002
00000002
00000004
104b0008
00000001
00000001
00000001
107b0007
105b0007
00000004
10590008
00000002
00000002
10660007
00000001
00000001
00000003
00000002
00000003
00000002
00000004
105e0008
00000001
106d0007
00000002
00000003
00000001
00000004
10680008
00000001
107a0007
00000002
00000002
00000002
00000003
00000001
00000001
00000001
10790007
00000004
10770008
106f0008
10580008
00000002
00000002
10800007
00000004
107e0008
00000002
00000002
00000002
10860007
00000004
10840008
00000001
00000001
10900007
00000002
00000002
00000003
00000001
00000001
00000004
10890008
00000006
00000002
10950007
00000004
10930008
00000001
109c0007
00000002
00000003
00000001
00000004
10970008
00000002
10a60007
00000001
00000003
00000001
00000003
00000002
00000002
00000004
109e0008
00000001
00000001
10b00007
00000002
00000002
00000003
00000001
00000001
00000004
10a90008
00000001
00000003
00000003
00000003
00000003
00000003
00000003
00000003
00000003
00000003
00000003
10ca0007
00000002
00000003
00000003
00000003
00000003
00000003
00000003
00000003
00000003
00000003
00000003
00000001
00000004
10bc0008
00000002
00000003
00000003
00000003
00000003
00000002
10d60007
00000004
00000001
00000004
00000002
10d10008
00000003
00000001
10e00007
00000002
00000004
00000001
10df0007
00000004
10dd0008
10d90008
00000002
00000002
00000002
10f00007
00000001
00000001
00000001
00000003
00000001
00000003
00000002
00000002
00000002
00000002
00000004
10e40008
00000001
00000001
00000001
00000001
11000007
00000002
00000002
00000002
00000002
00000003
00000001
00000001
00000001
00000001
00000004
10f50008
00000002
00000002
110c0007
00000001
00000001
00000001
00000003
00000002
00000002
00000002
00000004
11030008
00000001
00000001
00000001
11330007
11130007
00000004
11110008
00000002
00000002
111e0007
00000001
00000001
00000003
00000002
00000003
00000002
00000004
11160008
00000001
11250007
00000002
00000003
00000001
00000004
11200008
00000001
11320007
00000002
00000002
00000002
00000003
00000001
00000001
00000001
11310007
00000004
112f0008
11270008
11100008
00000002
00000002
11380007
00000004
11360008
00000002
00000002
00000002
113e0007
00000004
113c0008
00000001
00000001
11480007
00000002
00000002
00000003
00000001
00000001
00000004
11410008
00000006
00000002
114d0007
00000004
114b0008
00000001
11540007
00000002
00000003
00000001
00000004
114f0008
00000002
115e0007
00000001
00000003
00000001
00000003
00000002
00000002
00000004
11560008
00000001
00000001
11680007
00000002
00000002
00000003
00000001
00000001
00000004
11610008
00000001
00000003
00000003
00000003
00000003
00000003
117d0007
00000002
00000003
00000003
00000003
00000003
00000003
00000003
00000003
00000003
00000003
00000003
00000001
00000004
116f0008
00000002
00000003
00000002
11860007
00000004
00000001
00000004
00000002
11810008
00000003
00000001
11900007
00000002
00000004
00000001
118f0007
00000004
118d0008
11890008
00000002
00000002
00000002
11a00007
00000001
00000001
00000001
00000003
00000001
00000003
00000002
00000002
00000002
00000002
00000004
11940008
00000001
00000001
00000001
00000001
11b00007
00000002
00000002
00000002
00000002
00000003
00000001
00000001
00000001
00000001
00000004
11a50008
00000002
00000002
11bc0007
00000001
00000001
00000001
00000003
00000002
00000002
00000002
00000004
11b30008
00000001
00000001
00000001
11e30007
11c30007
00000004
11c10008
00000002
00000002
11ce0007
00000001
00000001
00000003
00000002
00000003
00000002
00000004
11c60008
00000001
11d50007
00000002
00000003
00000001
00000004
11d00008
00000001
11e20007
00000002
00000002
00000002
00000003
00000001
00000001
00000001
11e10007
00000004
11df0008
11d70008
11c00008
00000002
00000002
11e80007
00000004
11e60008
00000002
00000002
00000002
11ee0007
00000004
11ec0008
00000001
00000001
11f80007
00000002
00000002
00000003
00000001
00000001
00000004
11f10008
00000006
00000002
11fd0007
00000004
11fb0008
00000001
12040007
00000002
00000003
00000001
00000004
11ff0008
00000002
120e0007
00000001
00000003
00000001
00000003
00000002
00000002
00000004
12060008
00000001
00000001
12180007
00000002
00000002
00000003
00000001
00000001
00000004
12110008
00000001
00000003
00000003
00000003
00000003
00000003
00000003
00000003
00000003
00000003
12310007
00000002
00000003
00000003
00000003
00000003
00000003
00000003
00000003
00000003
00000003
00000003
00000001
00000004
12230008
00000002
00000003
00000003
00000003
00000003
00000003
00000002
123e0007
00000004
00000001
00000004
00000002
12390008
00000003
00000001
12480007
00000002
00000004
00000001
12470007
00000004
12450008
12410008
00000002
00000002
00000002
12580007
00000001
00000001
00000001
00000003
00000001
00000003
00000002
00000002
00000002
00000002
00000004
124c0008
00000001
00000001
00000001
00000001
12680007
00000002
00000002
00000002
00000002
00000003
00000001
00000001
00000001
00000001
00000004
125d0008
00000002
00000002
12740007
00000001
00000001
00000001
00000003
00000002
00000002
00000002
00000004
126b0008
00000001
00000001
00000001
129b0007
127b0007
00000004
12790008
00000002
00000002
12860007
00000001
00000001
00000003
00000002
00000003
00000002
00000004
127e0008
00000001
128d0007
00000002
00000003
00000001
00000004
12880008
00000001
129a0007
00000002
00000002
00000002
00000003
00000001
00000001
00000001
12990007
00000004
12970008
128f0008
12780008
00000002
00000002
12a00007
00000004
129e0008
00000002
00000002
00000002
12a60007
00000004
12a40008
00000001
00000001
12b00007
00000002
00000002
00000003
00000001
00000001
00000004
12a90008
00000006
00000002
12b50007
00000004
12b30008
00000001
12bc0007
00000002
00000003
00000001
00000004
12b70008
00000002
12c60007
00000001
00000003
00000001
00000003
00000002
00000002
00000004
12be0008
00000001
00000001
12d00007
00000002
00000002
00000003
00000001
00000001
00000004
12c90008
00000001
00000003
00000003
00000003
12e30007
00000002
00000003
00000003
00000003
00000003
00000003
00000003
00000003
00000003
00000003
00000003
00000001
00000004
12d50008
00000002
00000003
00000003
00000003
00000003
00000003
00000003
00000002
12f10007
00000004
00000001
00000004
00000002
12ec0008
00000003
00000001
12fb0007
00000002
00000004
00000001
12fa0007
00000004
12f80008
12f40008
00000002
00000002
00000002
130b0007
00000001
00000001
00000001
00000003
00000001
00000003
00000002
00000002
00000002
00000002
00000004
12ff0008
00000001
00000001
00000001
00000001
131b0007
00000002
00000002
00000002
00000002
00000003
00000001
00000001
00000001
00000001
00000004
13100008
00000002
00000002
13270007
00000001
00000001
00000001
00000003
00000002
00000002
00000002
00000004
131e0008
00000001
00000001
00000001
134e0007
132e0007
00000004
132c0008
00000002
00000002
13390007
00000001
00000001
00000003
00000002
00000003
00000002
00000004
13310008
00000001
13400007
00000002
00000003
00000001
00000004
133b0008
00000001
134d0007
00000002
00000002
00000002
00000003
00000001
00000001
00000001
134c0007
00000004
134a0008
13420008
132b0008
00000002
00000002
13530007
00000004
13510008
00000002
00000002
00000002
13590007
00000004
13570008
00000001
00000001
13630007
00000002
00000002
00000003
00000001
00000001
00000004
135c0008
00000006
00000002
13680007
00000004
13660008
00000001
136f0007
00000002
00000003
00000001
00000004
136a0008
00000002
13790007
00000001
00000003
00000001
00000003
00000002
00000002
00000004
13710008
00000001
00000001
13830007
00000002
00000002
00000003
00000001
00000001
00000004
137c0008
00000001
00000003
00000003
00000003
00000003
00000003
00000003
00000003
139a0007
00000002
00000003
00000003
00000003
00000003
00000003
00000003
00000003
00000003
00000003
00000003
00000001
00000004
138c0008
00000002
00000003
00000003
00000003
00000002
13a50007
00000004
00000001
00000004
00000002
13a00008
00000003
00000001
13af0007
00000002
00000004
00000001
13ae0007
00000004
13ac0008
13a80008
00000002
00000002
00000002
13bf0007
00000001
00000001
00000001
00000003
00000001
00000003
00000002
00000002
00000002
00000002
00000004
13b30008
00000001
00000001
00000001
00000001
13cf0007
00000002
00000002
00000002
00000002
00000003
00000001
00000001
00000001
00000001
00000004
13c40008
00000002
00000002
13db0007
00000001
00000001
00000001
00000003
00000002
00000002
00000002
00000004
13d20008
00000001
00000001
00000001
14020007
13e20007
00000004
13e00008
00000002
00000002
13ed0007
00000001
00000001
00000003
00000002
00000003
00000002
00000004
13e50008
00000001
13f40007
00000002
00000003
00000001
00000004
13ef0008
00000001
14010007
00000002
00000002
00000002
00000003
00000001
00000001
00000001
14000007
00000004
13fe0008
13f60008
13df0008
00000002
00000002
14070007
00000004
14050008
00000002
00000002
00000002
140d0007
00000004
140b0008
00000001
00000001
14170007
00000002
00000002
00000003
00000001
00000001
00000004
14100008
00000006
00000002
141c0007
00000004
141a0008
00000001
14230007
00000002
00000003
00000001
00000004
141e0008
00000002
142d0007
00000001
00000003
00000001
00000003
00000002
00000002
00000004
14250008
00000001
00000001
14370007
00000002
00000002
00000003
00000001
00000001
00000004
14300008
00000001
00000003
00000003
00000003
00000003
00000003
00000003
00000003
144e0007
00000002
00000003
00000003
00000003
00000003
00000003
00000003
00000003
00000003
00000003
00000003
00000001
00000004
14400008
00000002
00000003
00000003
00000003
00000003
00000003
00000003
00000003
00000002
145d0007
00000004
00000001
00000004
00000002
14580008
00000003
00000001
14670007
00000002
00000004
00000001
14660007
00000004
14640008
14600008
00000002
00000002
00000002
14770007
00000001
00000001
00000001
00000003
00000001
00000003
00000002
00000002
00000002
00000002
00000004
146b0008
00000001
00000001
00000001
00000001
14870007
00000002
00000002
00000002
00000002
00000003
00000001
00000001
00000001
00000001
00000004
147c0008
00000002
00000002
14930007
00000001
00000001
00000001
00000003
00000002
00000002
00000002
00000004
148a0008
00000001
00000001
00000001
14ba0007
149a0007
00000004
14980008
00000002
00000002
14a50007
00000001
00000001
00000003
00000002
00000003
00000002
00000004
149d0008
00000001
14ac0007
00000002
00000003
00000001
00000004
14a70008
00000001
14b90007
00000002
00000002
00000002
00000003
00000001
00000001
00000001
14b80007
00000004
14b60008
14ae0008
14970008
00000002
00000002
14bf0007
00000004
14bd0008
00000002
00000002
00000002
14c50007
00000004
14c30008
00000001
00000001
14cf0007
00000002
00000002
00000003
00000001
00000001
00000004
14c80008
00000006
00000002
14d40007
00000004
14d20008
00000001
14db0007
00000002
00000003
00000001
00000004
14d60008
00000002
14e50007
00000001
00000003
00000001
00000003
00000002
00000002
00000004
14dd0008
00000001
00000001
14ef0007
00000002
00000002
00000003
00000001
00000001
00000004
14e80008
00000001
00000003
00000003
00000003
00000003
00000003
00000003
00000003
00000003
15070007
00000002
00000003
00000003
00000003
00000003
00000003
00000003
00000003
00000003
00000003
00000003
00000001
00000004
14f90008
00000002
00000002
150f0007
00000004
00000001
00000004
00000002
150a0008
00000003
00000001
15190007
00000002
00000004
00000001
15180007
00000004
15160008
15120008
00000002
00000002
00000002
15290007
00000001
00000001
00000001
00000003
00000001
00000003
00000002
00000002
00000002
00000002
00000004
151d0008
00000001
00000001
00000001
00000001
15390007
00000002
00000002
00000002
00000002
00000003
00000001
00000001
00000001
00000001
00000004
152e0008
00000002
00000002
15450007
00000001
00000001
00000001
00000003
00000002
00000002
00000002
00000004
153c0008
00000001
00000001
00000001
156c0007
154c0007
00000004
154a0008
00000002
00000002
15570007
00000001
00000001
00000003
00000002
00000003
00000002
00000004
154f0008
00000001
155e0007
00000002
00000003
00000001
00000004
15590008
00000001
156b0007
00000002
00000002
00000002
00000003
00000001
00000001
00000001
156a0007
00000004
15680008
15600008
15490008
00000002
00000002
15710007
00000004
156f0008
00000002
00000002
00000002
15770007
00000004
15750008
00000001
00000001
15810007
00000002
00000002
00000003
00000001
00000001
00000004
157a0008
00000006
00000002
15860007
00000004
15840008
00000001
158d0007
00000002
00000003
00000001
00000004
15880008
00000002
15970007
00000001
00000003
00000001
00000003
00000002
00000002
00000004
158f0008
00000001
00000001
15a10007
00000002
00000002
00000003
00000001
00000001
00000004
159a0008
00000001
00000003
00000003
00000003
00000003
15b50007
00000002
00000003
00000003
00000003
00000003
00000003
00000003
00000003
00000003
00000003
00000003
00000001
00000004
15a70008
00000002
00000003
00000003
00000003
00000003
00000003
00000003
00000003
00000003
00000003
00000002
15c60007
00000004
00000001
00000004
00000002
15c10008
00000003
00000001
15d00007
00000002
00000004
00000001
15cf0007
00000004
15cd0008
15c90008
00000002
00000002
00000002
15e00007
00000001
00000001
00000001
00000003
00000001
00000003
00000002
00000002
00000002
00000002
00000004
15d40008
00000001
00000001
00000001
00000001
15f00007
00000002
00000002
00000002
00000002
00000003
00000001
00000001
00000001
00000001
00000004
15e50008
00000002
00000002
15fc0007
00000001
00000001
00000001
00000003
00000002
00000002
00000002
00000004
15f30008
00000001
00000001
00000001
16230007
16030007
00000004
16010008
00000002
00000002
160e0007
00000001
00000001
00000003
00000002
00000003
00000002
00000004
16060008
00000001
16150007
00000002
00000003
00000001
00000004
16100008
00000001
16220007
00000002
00000002
00000002
00000003
00000001
00000001
00000001
16210007
00000004
161f0008
16170008
16000008
00000002
00000002
16280007
00000004
16260008
00000002
00000002
00000002
162e0007
00000004
162c0008
00000001
00000001
16380007
00000002
00000002
00000003
00000001
00000001
00000004
16310008
00000006
00000002
163d0007
00000004
163b0008
00000001
16440007
00000002
00000003
00000001
00000004
163f0008
00000002
164e0007
00000001
00000003
00000001
00000003
00000002
00000002
00000004
16460008
00000001
00000001
16580007
00000002
00000002
00000003
00000001
00000001
00000004
16510008
00000001
00000003
00000003
00000003
00000003
00000003
00000003
00000003
00000003
00000003
00000003
16720007
00000002
00000003
00000003
00000003
00000003
00000003
00000003
00000003
00000003
00000003
00000003
00000001
00000004
16640008
00000002
00000003
00000002
167b0007
00000004
00000001
00000004
00000002
16760008
00000003
00000001
16850007
00000002
00000004
00000001
16840007
00000004
16820008
167e0008
00000002
00000002
00000002
16950007
00000001
00000001
00000001
00000003
00000001
00000003
00000002
00000002
00000002
00000002
00000004
16890008
00000001
00000001
00000001
00000001
16a50007
00000002
00000002
00000002
00000002
00000003
00000001
00000001
00000001
00000001
00000004
169a0008
00000002
00000002
16b10007
00000001
00000001
00000001
00000003
00000002
00000002
00000002
00000004
16a80008
00000001
00000001
00000001
16d80007
16b80007
00000004
16b60008
00000002
00000002
16c30007
00000001
00000001
00000003
00000002
00000003
00000002
00000004
16bb0008
00000001
16ca0007
00000002
00000003
00000001
00000004
16c50008
00000001
16d70007
00000002
00000002
00000002
00000003
00000001
00000001
00000001
16d60007
00000004
16d40008
16cc0008
16b50008
00000002
00000002
16dd0007
00000004
16db0008
00000002
00000002
00000002
16e30007
00000004
16e10008
00000001
00000001
16ed0007
00000002
00000002
00000003
00000001
00000001
00000004
16e60008
00000006
00000002
16f20007
00000004
16f00008
00000001
16f90007
00000002
00000003
00000001
00000004
16f40008
00000002
17030007
00000001
00000003
00000001
00000003
00000002
00000002
00000004
16fb0008
00000001
00000001
170d0007
00000002
00000002
00000003
00000001
00000001
00000004
17060008
00000001
00000003
00000003
00000003
00000003
00000003
17220007
00000002
00000003
00000003
00000003
00000003
00000003
00000003
00000003
00000003
00000003
00000003
00000001
00000004
17140008
00000002
00000003
00000003
00000003
00000003
00000003
00000003
00000002
17300007
00000004
00000001
00000004
00000002
172b0008
00000003
00000001
173a0007
00000002
00000004
00000001
17390007
00000004
17370008
17330008
00000002
00000002
00000002
174a0007
00000001
00000001
00000001
00000003
00000001
00000003
00000002
00000002
00000002
00000002
00000004
173e0008
00000001
00000001
00000001
00000001
175a0007
00000002
00000002
00000002
00000002
00000003
00000001
00000001
00000001
00000001
00000004
174f0008
00000002
00000002
17660007
00000001
00000001
00000001
00000003
00000002
00000002
00000002
00000004
175d0008
00000001
00000001
00000001
178d0007
176d0007
00000004
176b0008
00000002
00000002
17780007
00000001
00000001
00000003
00000002
00000003
00000002
00000004
17700008
00000001
177f0007
00000002
00000003
00000001
00000004
177a0008
00000001
178c0007
00000002
00000002
00000002
00000003
00000001
00000001
00000001
178b0007
00000004
17890008
17810008
176a0008
00000002
00000002
17920007
00000004
17900008
00000002
00000002
00000002
17980007
00000004
17960008
00000001
00000001
17a20007
00000002
00000002
00000003
00000001
00000001
00000004
179b0008
00000006
00000002
17a70007
00000004
17a50008
00000001
17ae0007
00000002
00000003
00000001
00000004
17a90008
00000002
17b80007
00000001
00000003
00000001
00000003
00000002
00000002
00000004
17b00008
00000001
00000001
17c20007
00000002
00000002
00000003
00000001
00000001
00000004
17bb0008
00000001
00000003
00000003
00000003
00000003
00000003
00000003
00000003
00000003
00000003
00000003
00000003
17dd0007
00000002
00000003
00000003
00000003
00000003
00000003
00000003
00000003
00000003
00000003
00000003
00000001
00000004
17cf0008
00000002
00000003
00000002
17e60007
00000004
00000001
00000004
00000002
17e10008
00000003
00000001
17f00007
00000002
00000004
00000001
17ef0007
00000004
17ed0008
17e90008
00000002
00000002
00000002
18000007
00000001
00000001
00000001
00000003
00000001
00000003
00000002
00000002
00000002
00000002
00000004
17f40008
00000001
00000001
00000001
00000001
18100007
00000002
00000002
00000002
00000002
00000003
00000001
00000001
00000001
00000001
00000004
18050008
00000002
00000002
181c0007
00000001
00000001
00000001
00000003
00000002
00000002
00000002
00000004
18130008
00000001
00000001
00000001
18430007
18230007
00000004
18210008
00000002
00000002
182e0007
00000001
00000001
00000003
00000002
00000003
00000002
00000004
18260008
00000001
18350007
00000002
00000003
00000001
00000004
18300008
00000001
18420007
00000002
00000002
00000002
00000003
00000001
00000001
00000001
18410007
00000004
183f0008
18370008
18200008
00000002
00000002
18480007
00000004
18460008
00000002
00000002
00000002
184e0007
00000004
184c0008
00000001
00000001
18580007
00000002
00000002
00000003
00000001
00000001
00000004
18510008
00000006
00000002
185d0007
00000004
185b0008
00000001
18640007
00000002
00000003
00000001
00000004
185f0008
00000002
186e0007
00000001
00000003
00000001
00000003
00000002
00000002
00000004
18660008
00000001
00000001
18780007
00000002
00000002
00000003
00000001
00000001
00000004
18710008
00000001
00000003
00000003
00000003
00000003
00000003
00000003
00000003
00000003
18900007
00000002
00000003
00000003
00000003
00000003
00000003
00000003
00000003
00000003
00000003
00000003
00000001
00000004
18820008
00000002
00000003
00000003
00000003
00000003
00000003
00000003
00000003
00000003
00000002
18a00007
00000004
00000001
00000004
00000002
189b0008
00000003
00000001
18aa0007
00000002
00000004
00000001
18a90007
00000004
18a70008
18a30008
00000002
00000002
00000002
18ba0007
00000001
00000001
00000001
00000003
00000001
00000003
00000002
00000002
00000002
00000002
00000004
18ae0008
00000001
00000001
00000001
00000001
18ca0007
00000002
00000002
00000002
00000002
00000003
00000001
00000001
00000001
00000001
00000004
18bf0008
00000002
00000002
18d60007
00000001
00000001
00000001
00000003
00000002
00000002
00000002
00000004
18cd0008
00000001
00000001
00000001
18fd0007
18dd0007
00000004
18db0008
00000002
00000002
18e80007
00000001
00000001
00000003
00000002
00000003
00000002
00000004
18e00008
00000001
18ef0007
00000002
00000003
00000001
00000004
18ea0008
00000001
18fc0007
00000002
00000002
00000002
00000003
00000001
00000001
00000001
18fb0007
00000004
18f90008
18f10008
18da0008
00000002
00000002
19020007
00000004
19000008
00000002
00000002
00000002
19080007
00000004
19060008
00000001
00000001
19120007
00000002
00000002
00000003
00000001
00000001
00000004
190b0008
00000006
00000002
19170007
00000004
19150008
00000001
191e0007
00000002
00000003
00000001
00000004
19190008
00000002
19280007
00000001
00000003
00000001
00000003
00000002
00000002
00000004
19200008
00000001
00000001
19320007
00000002
00000002
00000003
00000001
00000001
00000004
192b0008
00000001
00000003
00000003
00000003
00000003
00000003
00000003
00000003
00000003
00000003
00000003
00000003
00000003
194e0007
00000002
00000003
00000003
00000003
00000003
00000003
00000003
00000003
00000003
00000003
00000003
00000001
00000004
19400008
00000002
00000003
00000003
00000003
00000003
00000003
00000002
195b0007
00000004
00000001
00000004
00000002
19560008
00000003
00000001
19650007
00000002
00000004
00000001
19640007
00000004
19620008
195e0008
00000002
00000002
00000002
19750007
00000001
00000001
00000001
00000003
00000001
00000003
00000002
00000002
00000002
00000002
00000004
19690008
00000001
00000001
00000001
00000001
19850007
00000002
00000002
00000002
00000002
00000003
00000001
00000001
00000001
00000001
00000004
197a0008
00000002
00000002
19910007
00000001
00000001
00000001
00000003
00000002
00000002
00000002
00000004
19880008
00000001
00000001
00000001
19b80007
19980007
00000004
19960008
00000002
00000002
19a30007
00000001
00000001
00000003
00000002
00000003
00000002
00000004
199b0008
00000001
19aa0007
00000002
00000003
00000001
00000004
19a50008
00000001
19b70007
00000002
00000002
00000002
00000003
00000001
00000001
00000001
19b60007
00000004
19b40008
19ac0008
19950008
00000002
00000002
19bd0007
00000004
19bb0008
00000002
00000002
00000002
19c30007
00000004
19c10008
00000001
00000001
19cd0007
00000002
00000002
00000003
00000001
00000001
00000004
19c60008
00000006
00000002
19d20007
00000004
19d00008
00000001
19d90007
00000002
00000003
00000001
00000004
19d40008
00000002
00000002
19e60007
00000001
00000001
00000003
00000001
00000003
00000002
00000002
00000002
00000004
19dc0008
00000001
00000001
00000001
19f30007
00000002
00000002
00000002
00000003
00000001
00000001
00000001
00000004
19ea0008
00000003
00000002
1c370007
00000001
00000001
00000001
00000003
00000003
00000003
00000003
00000003
00000003
00000003
00000003
1a100007
00000002
00000003
00000003
00000003
00000003
00000003
00000003
00000003
00000003
00000003
00000003
00000001
00000004
1a020008
00000002
00000003
00000003
00000003
00000003
00000003
00000003
00000003
00000003
00000003
00000005
1a1e0007
00000004
1a1c0008
00000001
00000003
00000003
00000003
00000003
00000003
00000003
00000003
00000003
00000003
00000003
00000003
1a390007
00000002
00000003
00000003
00000003
00000003
00000003
00000003
00000003
00000003
00000003
00000003
00000001
00000004
1a2b0008
00000002
00000003
00000005
1a3f0007
00000004
1a3d0008
00000001
00000003
00000003
00000003
00000003
00000003
00000003
00000003
00000003
00000003
00000003
00000003
1a5a0007
00000002
00000003
00000003
00000003
00000003
00000003
00000003
00000003
00000003
00000003
00000003
00000001
00000004
1a4c0008
00000002
00000003
00000003
00000003
00000003
00000003
00000003
00000003
00000005
1a660007
00000004
1a640008
00000001
00000003
00000003
00000003
1a790007
00000002
00000003
00000003
00000003
00000003
00000003
00000003
00000003
00000003
00000003
00000003
00000001
00000004
1a6b0008
00000002
00000003
00000003
00000005
1a800007
00000004
1a7e0008
00000001
00000003
00000003
00000003
00000003
00000003
00000003
00000003
00000003
00000003
00000003
1a9a0007
00000002
00000003
00000003
00000003
00000003
00000003
00000003
00000003
00000003
00000003
00000003
00000001
00000004
1a8c0008
00000002
00000003
00000003
00000003
00000005
1aa20007
00000004
1aa00008
00000001
00000003
00000003
00000003
00000003
00000003
00000003
00000003
00000003
00000003
00000003
00000003
1abd0007
00000002
00000003
00000003
00000003
00000003
00000003
00000003
00000003
00000003
00000003
00000003
00000001
00000004
1aaf0008
00000002
00000003
00000005
1ac30007
00000004
1ac10008
00000001
00000003
00000003
00000003
00000003
00000003
00000003
00000003
00000003
00000003
00000003
00000003
1ade0007
00000002
00000003
00000003
00000003
00000003
00000003
00000003
00000003
00000003
00000003
00000003
00000001
00000004
1ad00008
00000002
00000003
00000003
00000003
00000003
00000003
00000003
00000005
1ae90007
00000004
1ae70008
00000001
00000003
00000003
00000003
1afc0007
00000002
00000003
00000003
00000003
00000003
00000003
00000003
00000003
00000003
00000003
00000003
00000001
00000004
1aee0008
00000002
00000003
00000003
00000005
1b030007
00000004
1b010008
00000001
00000003
00000003
00000003
00000003
00000003
00000003
00000003
00000003
00000003
00000003
00000003
1b1e0007
00000002
00000003
00000003
00000003
00000003
00000003
00000003
00000003
00000003
00000003
00000003
00000001
00000004
1b100008
00000002
00000003
00000003
00000003
00000003
00000003
00000003
00000005
1b290007
00000004
1b270008
00000001
00000003
00000003
00000003
00000003
00000003
00000003
00000003
00000003
00000003
00000003
1b430007
00000002
00000003
00000003
00000003
00000003
00000003
00000003
00000003
00000003
00000003
00000003
00000001
00000004
1b350008
00000002
00000003
00000003
00000003
00000003
00000005
1b4c0007
00000004
1b4a0008
00000001
00000003
00000003
00000003
00000003
00000003
00000003
00000003
00000003
00000003
00000003
1b660007
00000002
00000003
00000003
00000003
00000003
00000003
00000003
00000003
00000003
00000003
00000003
00000001
00000004
1b580008
00000002
00000003
00000005
1b6c0007
00000004
1b6a0008
00000001
00000003
00000003
00000003
1b7f0007
00000002
00000003
00000003
00000003
00000003
00000003
00000003
00000003
00000003
00000003
00000003
00000001
00000004
1b710008
00000002
00000003
00000003
00000005
1b860007
00000004
1b840008
00000001
00000003
00000003
00000003
00000003
00000003
00000003
00000003
00000003
00000003
00000003
1ba00007
00000002
00000003
00000003
00000003
00000003
00000003
00000003
00000003
00000003
00000003
00000003
00000001
00000004
1b920008
00000002
00000003
00000003
00000005
1ba70007
00000004
1ba50008
00000001
00000003
00000003
00000003
00000003
00000003
00000003
00000003
00000003
00000003
00000003
1bc10007
00000002
00000003
00000003
00000003
00000003
00000003
00000003
00000003
00000003
00000003
00000003
00000001
00000004
1bb30008
00000002
00000003
00000003
00000003
00000003
00000003
00000003
00000003
00000003
00000005
1bce0007
00000004
1bcc0008
00000001
00000003
00000003
00000003
00000003
00000003
00000003
00000003
00000003
00000003
1be70007
00000002
00000003
00000003
00000003
00000003
00000003
00000003
00000003
00000003
00000003
00000003
00000001
00000004
1bd90008
00000002
00000003
00000003
00000003
00000003
00000003
00000003
00000003
00000005
1bf30007
00000004
1bf10008
00000001
00000003
00000003
00000003
00000003
00000003
00000003
00000003
00000003
00000003
00000003
1c0d0007
00000002
00000003
00000003
00000003
00000003
00000003
00000003
00000003
00000003
00000003
00000003
00000001
00000004
1bff0008
00000002
00000003
00000003
00000003
00000005
1c150007
00000004
1c130008
00000001
00000003
00000003
00000003
1c280007
00000002
00000003
00000003
00000003
00000003
00000003
00000003
00000003
00000003
00000003
00000003
00000001
00000004
1c1a0008
00000002
00000003
00000003
00000003
00000005
1c300007
00000004
1c2e0008
00000002
00000004
00000002
1c360007
00000004
1c340008
19f60008
00000001
1d640007
00000001
00000001
00000003
00000003
00000003
00000003
00000003
00000003
00000003
00000003
1c520007
00000002
00000003
00000003
00000003
00000003
00000003
00000003
00000003
00000003
00000003
00000003
00000001
00000004
1c440008
00000002
00000003
00000003
00000003
00000003
00000005
1c5b0007
00000004
1c590008
00000001
00000003
00000003
00000003
00000003
00000003
00000003
00000003
00000003
00000003
00000003
00000003
1c760007
00000002
00000003
00000003
00000003
00000003
00000003
00000003
00000003
00000003
00000003
00000003
00000001
00000004
1c680008
00000002
00000003
00000003
00000003
00000003
00000005
1c7f0007
00000004
1c7d0008
00000001
00000003
00000003
00000003
00000003
00000003
00000003
00000003
00000003
00000003
00000003
00000003
00000003
1c9b0007
00000002
00000003
00000003
00000003
00000003
00000003
00000003
00000003
00000003
00000003
00000003
00000001
00000004
1c8d0008
00000002
00000003
00000005
1ca10007
00000004
1c9f0008
00000001
00000003
00000003
00000003
1cb40007
00000002
00000003
00000003
00000003
00000003
00000003
00000003
00000003
00000003
00000003
00000003
00000001
00000004
1ca60008
00000002
00000003
00000003
00000005
1cbb0007
00000004
1cb90008
00000001
00000003
00000003
00000003
00000003
00000003
00000003
00000003
00000003
00000003
00000003
1cd50007
00000002
00000003
00000003
00000003
00000003
00000003
00000003
00000003
00000003
00000003
00000003
00000001
00000004
1cc70008
00000002
00000003
00000003
00000003
00000003
00000005
1cde0007
00000004
1cdc0008
00000001
00000003
00000003
00000003
00000003
00000003
00000003
00000003
00000003
00000003
1cf70007
00000002
00000003
00000003
00000003
00000003
00000003
00000003
00000003
00000003
00000003
00000003
00000001
00000004
1ce90008
00000002
00000003
00000003
00000003
00000003
00000003
00000003
00000003
00000005
1d030007
00000004
1d010008
00000001
00000003
00000003
00000003
00000003
00000003
00000003
00000003
00000003
00000003
00000003
00000003
1d1e0007
00000002
00000003
00000003
00000003
00000003
00000003
00000003
00000003
00000003
00000003
00000003
00000001
00000004
1d100008
00000002
00000003
00000003
00000003
00000003
00000005
1d270007
00000004
1d250008
00000001
00000003
00000003
00000003
00000003
00000003
00000003
00000003
00000003
00000003
00000003
1d410007
00000002
00000003
00000003
00000003
00000003
00000003
00000003
00000003
00000003
00000003
00000003
00000001
00000004
1d330008
00000002
00000005
1d460007
00000004
1d440008
00000001
00000003
00000003
00000003
1d590007
00000002
00000003
00000003
00000003
00000003
00000003
00000003
00000003
00000003
00000003
00000003
00000001
00000004
1d4b0008
00000002
00000003
00000003
00000003
00000005
1d610007
00000004
1d5f0008
00000002
00000004
1c390008
00000000
00000000
00000000
